-1.2489 6.8329
-2.4707 8.5288
-3.2254 7.3692
-2.6128 8.9967
-3.442 6.8997
-1.2357 6.2718
-4.7306 8.9474
1.4311 6.9996
-2.6307 6.6046
-1.5155 4.8048
-4.77 7.9814
0.24038 7.4177
1.8487 4.0934
-2.7452 6.2791
-3.3304 7.4876
-2.0699 6.4195
-1.3025 7.4969
-2.3796 7.0442
-2.6504 5.8396
-2.9692 8.269
1.1239 5.5312
-1.9944 6.08
-3.5703 9.181
-0.43626 4.1983
-3.4842 8.8325
-0.62002 2.9328
-0.43688 2.973
-3.8885 6.4777
-2.9635 7.2597
-1.5206 6.6187
-1.6622 9.7059
0.66911 9.0379
-0.62681 6.9674
-6.2638 10.998
-3.3981 7.609
-3.4994 6.8118
-1.2165 5.9482
-1.0619 7.4295
-3.0203 7.3172
-1.4964 4.0007
-0.9992 9.1914
-4.0096 8.7919
-2.7131 8.366
2.1322 6.7
-2.904 9.9814
-3.5757 7.3274
-0.30117 7.5507
0.28879 6.9256
-4.3563 10.208
-3.0718 7.7539
-5.7744 9.5261
-1.1782 7.5656
-0.54062 9.2615
-2.265 6.9304
-2.1849 6.8465
0.27446 3.8796
-3.0213 8.2501
-2.4056 7.9091
0.72776 4.2929
-2.6526 4.5083
1.1194 7.3405
-2.1349 5.7214
-1.5832 9.1973
-0.99399 9.252
-1.2488 10.901
-1.7793 6.3512
-3.9868 8.0987
-1.2031 4.2207
-1.8328 2.6162
-2.4842 8.4084
-1.9055 8.0973
-3.5973 6.8842
-5.1591 9.6331
-2.6957 7.3686
-5.312 8.2067
-1.4436 9.2653
-0.70951 9.0734
-0.82934 7.7871
-0.93598 7.4356
-1.2371 6.7696
-1.4736 9.1755
-1.9068 9.116
-3.8493 7.1643
-1.2473 5.8868
-4.7101 7.3631
-0.42839 6.5882
-4.0682 8.7287
-3.8657 5.6448
-5.451 8.4051
-2.8531 6.7614
-3.0853 8.5475
-3.5721 8.6189
0.75486 7.3474
-2.0375 6.8792
-0.39824 4.531
0.37976 4.0036
-1.867 5.3515
-4.5824 8.4631
-2.1062 4.1213
-1.1223 7.4693
-0.75772 8.5571
-2.9403 7.9734
-0.99949 7.2835
-1.83 5.7007
0.73099 4.3101
-4.1263 9.6818
-2.3721 7.3139
-2.6148 7.3735
-3.5581 8.9014
-5.0693 5.9356
-1.8841 5.9649
-1.7059 3.7915
-4.0622 8.0332
-0.013103 6.8269
0.075441 7.5229
-4.652 7.3831
-1.5857 9.0101
-3.8429 7.0258
-0.60261 6.2778
-4.1806 7.0487
-0.84608 9.2372
-2.8376 11.161
-2.5809 6.5129
-4.3904 8.1241
-1.7508 5.8001
-5.3814 10.977
-4.0658 8.4253
-0.70945 4.3606
-2.0583 3.8913
-0.96735 5.2457
-4.5731 6.4851
-2.5721 6.7092
-1.4847 6.3147
-3.4707 8.5911
-0.73455 6.5291
1.3469 6.6978
-5.2732 9.1309
-0.0057212 4.4066
-5.7735 7.1333
-3.8649 4.418
-0.37599 6.2835
-6.7804 13.414
-0.91692 6.7335
-1.8686 6.4259
-5.0976 10.855
0.059288 5.0904
-0.5724 8.9417
-2.3113 7.3366
-5.5875 7.3856
-0.9515 3.5319
-3.4352 8.3339
-2.7455 6.793
-1.5652 7.7787
-2.9367 10.903
-0.89337 5.3688
-1.6004 8.5441
-2.8532 8.8244
-2.0309 9.269
2.5789 7.7928
-1.6853 7.5195
2.5088 5.3898
-1.5094 6.2084
-3.2806 3.1817
-3.2277 5.3826
-3.1399 6.2069
-0.28893 7.6529
-3.9052 6.6048
0.5947 2.863
0.91028 2.4761
-4.4026 8.3739
-4.5513 9.8778
-2.5342 9.4264
-1.9874 4.9218
0.28865 7.5881
-0.43107 7.0536
-1.9238 6.4973
0.034024 6.4497
-0.99463 11.027
-4.5802 9.3444
-1.9326 7.5289
-2.4089 5.1101
-4.7722 9.6066
1.0927 6.3946
0.41915 7.714
-1.5499 6.4692
-5.8154 6.0246
-2.5001 6.8857
0.65374 8.4242
-1.4303 8.3487
-1.4156 6.9292
-4.7258 7.4447
-1.1836 5.7206
-2.3972 7.7003
-2.33 3.347
-1.9137 6.8727
-0.78323 7.2998
-4.0098 8.3191
-3.4147 9.3387
-4.0901 7.2168
0.79317 8.2474
-1.1909 5.1721
-4.7201 10.965
-0.29766 7.9109
-3.847 7.7688
1.0196 5.7006
-1.2041 6.0933
-1.7831 8.6221
-1.8995 7.0845
2.1496 3.2474
-3.609 9.2321
-0.077214 4.2741
-0.3307 1.8791
-2.5316 8.6275
1.9805 6.1399
0.35556 6.3067
-1.9958 7.5138
-1.205 2.3048
-1.5509 7.498
-2.4068 5.8987
-1.4336 4.2263
-1.4394 7.4003
-0.53844 7.4176
-4.8825 4.7907
-0.63945 5.6376
-0.40913 7.3073
-1.5448 8.7961
-1.5888 8.2931
2.3279 3.0948
-0.96218 9.4267
-4.0565 4.5033
-0.87426 6.8921
-0.58447 8.754
-1.8785 6.5309
-6.4722 8.7543
-4.2161 7.921
-1.0827 7.5186
0.20764 8.5865
1.4937 5.1875
-4.5631 7.5465
-1.6881 5.9024
-0.54821 4.7691
-0.6259 5.9562
-4.5796 8.8432
-4.5613 6.0867
0.35707 4.1481
-3.0996 6.2489
-4.3017 7.9495
-1.0826 7.6701
-3.0005 8.2666
-1.1994 5.6956
-1.2193 4.2111
-2.1322 7.8337
-1.5566 5.7868
-3.4766 8.0603
-3.5676 6.1365
-1.9048 7.1335
-2.6082 8.1244
-3.2489 10.981
-1.2882 6.5813
-1.4842 8.3469
-0.3215 7.1565
-1.9202 4.712
-2.8741 7.582
-3.1107 9.7878
-4.1003 7.2208
-2.2692 5.8833
-1.1642 7.9184
-0.46187 6.1685
-2.0471 4.9581
1.2919 4.447
-1.4178 9.632
-2.4453 4.503
0.3818 7.4561
-1.3836 7.2571
-3.4899 3.9433
-3.0206 9.9585
-3.409 5.9964
0.55339 1.9002
-0.928 5.2598
-3.7552 6.4679
-0.48087 3.0389
0.86867 4.3665
-0.69949 8.4635
-2.096 6.7059
-4.064 7.0704
-1.4814 7.3105
-3.8465 7.2889
-2.3844 9.2186
-2.3982 5.1883
-2.9583 7.7399
-1.1421 6.07
-1.3278 5.0565
-0.57556 5.7718
-3.118 6.853
-1.645 6.8592
-3.6165 8.534
-1.8362 5.9686
-3.9736 8.2723
-2.2657 5.8762
-0.6713 6.4583
-3.6699 7.513
-2.8619 8.806
1.5957 4.1708
-1.8897 7.1663
-1.9915 8.3298
-4.4378 7.8024
-3.7321 8.627
-3.1606 4.3016
-2.4273 6.1354
-4.2844 7.1921
-4.0772 6.2007
-2.2919 9.071
-4.1155 8.2397
-3.4594 7.2142
0.46247 3.7444
-0.41681 6.0489
-0.059831 5.7471
-0.59598 7.3798
-1.4693 6.3619
-2.7896 8.579
-0.69759 8.4268
-2.5152 6.157
-1.8279 4.9853
-1.3226 7.2209
-0.21996 7.877
2.3011 5.4494
0.52511 5.5859
-2.043 8.0053
-3.0007 7.6617
1.4062 8.1216
-2.8484 9.8538
-0.25846 6.6268
-3.8818 6.5191
-2.8309 6.1621
-0.33103 7.7381
-2.0602 5.7155
-2.4033 6.8932
-5.1869 11.721
0.089473 4.4819
-1.7118 8.0496
-4.3266 9.2381
1.9699 5.2486
1.1151 4.275
-5.1813 11.805
-0.79083 7.49
-0.38996 5.7248
0.42334 6.1178
-2.8957 3.4535
-3.3273 7.9751
-0.93588 6.6303
-1.7475 9.7674
-2.2435 9.1293
-0.26047 5.8302
-7.5054 8.9709
-5.9404 10.318
-1.6112 6.0301
0.12632 5.1413
-4.56 7.048
-3.8272 4.724
-4.4756 8.7484
-2.6118 6.9135
-2.8537 9.5523
-1.0826 3.7424
0.97437 3.3074
-3.9787 9.9175
2.8279 4.4291
1.767 5.9218
-3.4795 9.1515
-3.1557 4.1663
-1.8578 8.2675
-3.3485 5.7872
-2.5681 7.9674
-2.8248 6.7673
0.99764 2.975
-0.11147 5.1411
-1.0652 5.1243
-3.0071 6.9859
-0.84212 7.8882
-4.6155 7.4212
-4.5123 8.2363
-2.4741 6.4532
-6.1624 9.9249
0.56978 4.3475
-2.9388 10.475
-0.12776 5.2519
-1.3651 8.9159
-4.3168 7.1134
-1.8691 7.017
-4.2852 7.3827
0.53469 5.0126
-2.6752 5.705
-1.855 4.6963
0.82896 5.4018
-4.5487 8.6903
-3.6967 11.27
-7.5546 10.163
-4.7472 9.5751
0.55694 2.2616
-2.4062 5.6829
-1.0262 6.0085
-5.1489 9.3816
-3.1524 10.272
2.6899 5.9888
-4.6829 8.1233
-0.32983 2.8105
-4.6258 8.6829
-3.9545 6.7952
-3.3884 8.6681
-3.8563 6.826
-4.1539 9.2741
-2.1868 7.3702
-3.4428 7.6328
-3.6405 5.7745
-0.37066 10.023
-2.1575 6.4485
-2.9162 7.8704
-1.7777 9.0156
-1.7585 8.2142
-0.62224 8.1285
-0.47564 7.2795
-0.36929 5.9337
-2.7216 7.1605
1.6539 8.1452
-4.0661 9.6354
-3.0609 5.3405
0.37964 4.2421
-2.0849 6.6453
0.24919 5.3675
1.7647 6.7105
-5.5413 9.6896
0.54798 5.7121
-0.39401 5.752
1.6622 9.7574
-5.3341 8.9518
-2.4176 9.2566
0.10656 1.8696
-3.6447 8.5002
-2.1729 9.1294
-4.0709 9.1733
0.8871 9.9604
-0.63123 4.2836
-4.2412 9.4803
1.6958 4.7228
-0.081859 8.1387
-4.2938 8.8694
-4.1424 7.675
-3.7067 11.177
-5.7483 5.2815
-3.1437 5.4832
-3.2215 11.128
-2.2953 7.6362
-2.0825 8.6651
-2.2457 7.2387
-0.88585 6.6115
-2.5631 9.2469
-0.44757 7.4974
-2.1201 5.6363
-2.8031 6.5272
-3.197 7.6991
0.57169 5.6506
-4.4864 8.4845
2.0105 6.2496
-0.65713 10.085
1.1458 5.1678
-3.8482 6.8056
0.42211 4.0625
-4.7911 8.1782
-6.4697 7.7943
-3.7881 7.3715
-0.90245 5.0921
-0.95916 8.0765
-1.7825 7.2114
-0.30566 2.7115
-6.7017 11.411
-2.8683 3.8914
0.4139 4.4204
1.7389 5.6533
-0.81374 3.2377
-2.6892 5.6188
-1.3842 5.8506
0.16421 6.2297
-1.9935 6.9412
1.0425 4.4179
0.83261 7.8965
-6.57 10.325
-0.15927 4.5973
-2.1822 5.7365
1.2749 5.1375
-3.1414 6.002
-4.7523 7.86
-2.8979 8.8186
-1.9822 6.0826
-2.0509 10.333
-3.2668 7.8411
-2.1837 7.0695
-3.0797 8.3313
-2.8012 7.0784
-2.7977 6.9702
-2.2908 9.4861
1.1476 6.3022
