5.6255 -3.2127
4.4614 -1.7133
3.9695 -2.5749
4.2982 -1.3197
3.8423 -2.9329
5.694 -3.6684
2.5879 -1.1417
7.7792 -3.3533
4.5298 -3.2554
5.6183 -4.8279
2.6554 -1.9201
6.7717 -2.8921
8.4164 -5.7503
4.4705 -3.5072
3.8722 -2.4682
5.0031 -3.463
5.5139 -2.6693
4.688 -2.9251
4.5926 -3.873
4.0844 -1.8724
7.6814 -4.5111
5.0992 -3.7458
3.5037 -1.0719
6.5549 -5.4302
3.6093 -1.363
6.5362 -6.4364
6.6804 -6.4226
3.5241 -3.2288
4.1928 -2.6905
5.4275 -3.3582
4.9952 -0.84302
6.9523 -1.6239
6.1156 -3.1677
1.135 0.67721
3.8049 -2.3629
3.8048 -2.9982
5.7428 -3.9326
5.7157 -2.7486
4.1409 -2.6381
5.7165 -5.4812
5.5852 -1.328
3.1879 -1.3418
4.2818 -1.8202
8.3779 -3.6681
3.961 -0.49213
3.69 -2.5727
6.3194 -2.7287
6.8615 -3.2957
2.7613 -0.15893
4.0543 -2.2791
1.6829 -0.56553
5.6074 -2.6264
5.9494 -1.3184
4.7925 -3.0291
4.8661 -3.1053
7.1633 -5.7615
4.0442 -1.8824
4.578 -2.2219
7.488 -5.4734
4.7277 -4.9511
7.4916 -3.0451
5.0223 -4.0218
5.1115 -1.2631
5.5832 -1.2794
5.2072 0.082232
5.2455 -3.5482
3.2777 -1.9056
5.9315 -5.3332
5.5865 -6.5681
4.4629 -1.8094
4.9637 -2.1209
3.7181 -2.9294
2.1702 -0.5422
4.3986 -2.6298
2.1932 -1.6819
5.2176 -1.2224
5.832 -1.4534
5.8672 -2.4829
5.817 -2.7566
5.6416 -3.2651
5.2026 -1.292
4.8578 -1.2957
3.4852 -2.6766
5.7242 -3.9791
2.7675 -2.4271
6.3154 -3.4952
3.1469 -1.387
3.6282 -3.9058
2.0602 -1.5068
4.3336 -3.1055
3.9617 -1.6349
3.5601 -1.527
7.1957 -3.002
4.9821 -3.094
6.5514 -5.1646
7.2359 -5.6719
5.2773 -4.3489
2.7578 -1.5493
5.2101 -5.3208
5.6627 -2.7102
5.846 -1.8666
4.1382 -2.1148
5.7812 -2.8733
5.2714 -4.0699
7.4888 -5.4598
3.0018 -0.60903
4.6663 -2.7075
4.4636 -2.6342
3.5424 -1.2996
2.6234 -3.5463
5.2004 -3.8504
5.5683 -5.6291
3.2233 -1.951
6.6272 -3.3446
6.6273 -2.79
2.8125 -2.4168
5.1288 -1.4145
3.5047 -2.7895
6.2062 -3.7288
3.2287 -2.7362
5.7045 -1.3066
3.8935 0.45616
4.5796 -3.3348
2.9482 -1.8436
5.3253 -3.9975
1.8519 0.56912
3.1801 -1.633
6.3169 -5.2707
5.2726 -5.512
6.0169 -4.5272
2.9688 -3.1523
4.5665 -3.1767
5.4879 -3.6081
3.645 -1.5599
6.0734 -3.5116
7.742 -3.5891
2.1295 -0.93726
6.8822 -5.3058
1.9298 -2.5038
3.7551 -4.8995
6.3891 -3.7474
0.46807 2.687
5.9047 -3.3273
5.1655 -3.4785
2.0944 0.44145
6.8645 -4.7586
5.9566 -1.5741
4.7132 -2.6953
2.0545 -2.3186
6.2061 -5.917
3.7002 -1.7719
4.4174 -3.091
5.272 -2.414
3.8397 0.25812
6.0642 -4.4351
5.1648 -1.7904
4.1212 -1.4345
4.7415 -1.159
8.6273 -2.829
5.2015 -2.6116
8.8177 -4.7681
5.4788 -3.6917
4.3556 -5.961
4.172 -4.1838
4.1583 -3.5252
6.3188 -2.6472
3.4974 -3.1241
7.5273 -6.6179
7.8227 -6.9637
2.9126 -1.6399
2.6374 -0.40651
4.3177 -0.97968
5.224 -4.6846
6.7933 -2.7591
6.2653 -3.118
5.1135 -3.415
6.7042 -3.655
5.4 0.1586
2.6689 -0.83561
5.0002 -2.5786
4.8632 -4.4887
2.4864 -0.60344
7.5673 -3.8085
6.886 -2.6706
5.4192 -3.4763
2.0099 -3.3975
4.6067 -3.0411
7.003 -2.1195
5.3227 -1.9662
5.4806 -3.1175
2.7464 -2.3593
5.7929 -4.1203
4.6063 -2.3919
5.1085 -5.9249
5.083 -3.112
5.9547 -2.8823
3.2364 -1.7248
3.6135 -0.96015
3.2847 -2.6093
7.1341 -2.277
5.8434 -4.5638
2.3888 0.4917
6.2852 -2.4373
3.4249 -2.1872
7.5795 -4.3631
5.7379 -3.8163
5.0088 -1.7085
5.0727 -2.9419
8.7472 -6.4665
3.4671 -1.0265
6.8379 -5.4057
6.879 -7.3196
4.4019 -1.6271
8.3127 -4.1062
6.9793 -3.8039
4.9505 -2.5843
6.127 -6.8848
5.3126 -2.6428
4.7838 -3.8502
5.7442 -5.305
5.4129 -2.7335
6.1409 -2.8121
2.8925 -4.4929
6.2422 -4.2435
6.257 -2.9148
5.184 -1.592
5.2001 -1.9949
8.9073 -6.6084
5.591 -1.1412
3.5911 -4.8107
5.9229 -3.2032
5.9661 -1.7249
5.1467 -3.3925
1.1971 -1.1189
3.1103 -2.026
5.6897 -2.6743
6.6249 -1.9421
8.0163 -4.8276
2.8677 -2.2937
5.3655 -3.9211
6.4055 -4.9563
6.2204 -3.9868
2.7209 -1.2416
3.0193 -3.4763
7.2026 -5.5525
4.1866 -3.4953
3.0379 -1.9941
5.6741 -2.5516
4.0593 -1.8712
5.7827 -4.1389
5.9193 -5.3393
4.8071 -2.3111
5.4839 -4.0283
3.6949 -1.9893
3.8191 -3.5381
5.0634 -2.9016
4.3917 -2.0266
3.5789 0.3529
5.6197 -3.4124
5.2792 -1.9621
6.3435 -3.0459
5.3 -4.8615
4.2321 -2.4387
3.8135 -0.62765
3.2761 -2.6051
4.8968 -3.8768
5.5825 -2.3421
6.3314 -3.8318
5.1719 -4.6491
7.9291 -5.4066
5.2008 -0.92799
4.8962 -4.9767
6.8823 -2.8756
5.4728 -2.8552
4.1077 -5.3226
3.869 -0.49868
3.962 -3.668
7.5929 -7.3935
6.0473 -4.5198
3.633 -3.2504
6.638 -6.3647
7.5945 -5.4283
5.9028 -1.9484
4.9525 -3.2283
3.3209 -2.7306
5.3881 -2.8018
3.4747 -2.576
4.4604 -1.1634
4.8639 -4.4265
4.1476 -2.3021
5.7905 -3.8416
5.7445 -4.6434
6.2801 -4.1414
4.1096 -3.004
5.302 -3.1505
3.5329 -1.5912
5.2388 -3.8523
3.2705 -1.7664
4.9004 -3.8829
6.132 -3.5754
3.5946 -2.4127
4.1161 -1.4485
8.2035 -5.6616
5.0723 -2.8766
4.8701 -1.9238
2.9429 -2.0993
3.4296 -1.5039
4.3375 -5.0662
4.7428 -3.6564
3.1299 -2.6094
3.3998 -3.4338
4.5505 -1.2925
3.159 -1.7782
3.7959 -2.6764
7.3295 -5.8903
6.3802 -3.9332
6.7004 -4.2145
6.0982 -2.8368
5.4955 -3.5714
4.198 -1.6398
5.9082 -1.9783
4.6694 -3.6298
5.3467 -4.6496
5.526 -2.8907
6.3516 -2.4728
8.6434 -4.6984
7.1908 -4.4052
4.8617 -2.1813
4.1214 -2.3611
7.6436 -2.442
4.0192 -0.60119
6.449 -3.4815
3.5252 -3.1959
4.4132 -3.5932
6.2759 -2.5739
5.0834 -4.0342
4.6844 -3.045
1.933 1.1517
6.9515 -5.2546
5.1254 -2.1794
2.8853 -0.94781
8.3958 -4.8271
7.8035 -5.5277
1.9288 1.2196
5.929 -2.7275
6.4353 -4.1985
7.0536 -3.9639
4.6393 -5.7804
3.8246 -2.0736
5.9 -3.4089
4.9198 -0.7844
4.5837 -1.2503
6.5294 -4.1265
0.33792 -0.83716
1.467 0.093023
5.4147 -3.8256
6.9135 -4.7242
2.9215 -2.6977
3.7542 -4.6556
2.8149 -1.3291
4.5133 -3.0071
4.0459 -0.84486
6.0782 -5.733
7.7891 -6.297
3.0971 -0.4333
9.175 -5.5791
8.1622 -4.2609
3.5803 -1.1051
4.3554 -5.1763
4.9848 -1.988
4.0325 -3.8436
4.4403 -2.1579
4.3559 -3.1036
7.8422 -6.5686
6.7209 -4.7
5.9501 -4.6155
4.1857 -2.9078
5.8465 -2.3997
2.8382 -2.3897
2.8378 -1.7402
4.6722 -3.3941
1.3276 -0.20261
7.3544 -5.4129
3.882 -0.088382
6.6963 -4.6086
5.3171 -1.5134
3.1117 -2.6698
5.1043 -2.9997
3.1096 -2.4549
7.2575 -4.8706
4.5863 -3.9795
5.3545 -4.8809
7.4558 -4.5856
2.7617 -1.3687
3.1864 0.63334
0.17539 0.13354
2.5099 -0.63155
7.5586 -7.1011
4.8065 -4.0251
5.8908 -3.9033
2.2044 -0.74695
3.7299 -0.23085
8.9028 -4.3016
2.7113 -1.8141
6.7838 -6.5652
2.7 -1.3667
3.438 -2.9648
3.7038 -1.506
3.5143 -2.95
3.0214 -0.93638
4.8106 -2.6809
3.7662 -2.339
3.7973 -3.8238
6.0087 -0.71893
4.9292 -3.4305
4.1684 -2.2008
4.9727 -1.3903
5.0707 -2.0413
5.9999 -2.2277
6.206 -2.9305
6.4306 -4.0315
4.399 -2.7958
7.8418 -2.4483
3.0554 -0.65281
4.3114 -4.235
7.2112 -5.4787
4.9677 -3.2786
6.9898 -4.5537
8.0791 -3.6218
1.8549 -0.45714
7.1963 -4.3053
6.4292 -4.1761
7.6826 -1.1433
2.0986 -1.076
4.4296 -1.1292
7.2341 -7.3723
3.5135 -1.6156
4.6409 -1.2574
3.099 -1.0266
7.0339 -0.89915
6.3882 -5.3411
2.9295 -0.76043
8.2278 -5.2247
6.4365 -2.275
2.9497 -1.2498
3.1953 -2.2329
3.1878 0.55903
2.1407 -4.0064
4.2297 -4.1109
3.5859 0.46927
4.6954 -2.4543
4.7619 -1.6428
4.7764 -2.7814
5.9424 -3.4293
4.3127 -1.1221
6.2063 -2.7568
5.043 -4.0922
4.3982 -3.3004
3.9585 -2.3106
7.2219 -4.3576
2.8333 -1.5418
8.3257 -4.0204
5.7703 -0.63925
7.7366 -4.8077
3.5229 -2.9673
7.2641 -5.6285
2.618 -1.7585
1.2979 -1.8967
3.5135 -2.5151
6.0853 -4.6583
5.7323 -2.2351
5.1545 -2.8512
6.8136 -6.6479
0.73793 1.0563
4.6165 -5.4286
7.2206 -5.3378
8.167 -4.4755
6.3479 -6.1695
4.5838 -4.0478
5.6171 -3.9943
6.8322 -3.8466
5.0114 -3.0483
7.7301 -5.4045
7.2021 -2.5653
0.95633 0.16318
6.7382 -5.1356
4.9824 -4.0047
7.8442 -4.8455
4.1781 -3.6909
2.6822 -2.0203
4.0856 -1.4346
5.1088 -3.7449
4.6158 -0.29467
3.8874 -2.1884
4.8441 -2.9248
3.9885 -1.8106
4.343 -2.8541
4.3569 -2.9421
4.5087 -0.95638
7.6213 -3.8891
