0.37486 0.50569
-0.81631 0.91631
-0.65097 -0.74151
-1.0653 1.1984
-0.54776 -1.3356
0.60931 0.031302
-1.9098 -0.67825
1.4009 2.9711
-0.096048 -0.88865
1.094 -1.4815
-1.5315 -1.5489
0.74409 2.302
2.7578 0.8159
-0.009937 -1.2697
-0.74219 -0.72988
0.20846 -0.56324
0.081927 1.0344
-0.17302 -0.29044
0.20821 -1.5682
-0.91371 0.25963
1.875 1.4333
0.37791 -0.79189
-1.5315 0.5289
1.7822 -1.0721
-1.354 0.30167
2.2238 -2.3272
2.2822 -2.1338
-0.55774 -2.0878
-0.49936 -0.60956
0.35136 0.084918
-0.96677 2.6359
0.25768 4.0764
0.57392 1.161
-3.373 -0.22995
-0.8194 -0.68339
-0.53531 -1.4615
0.74924 -0.23239
0.20765 1.1844
-0.54605 -0.60887
1.4301 -2.1613
-0.48606 2.7645
-1.552 -0.18852
-0.84881 0.56541
1.8094 3.3188
-1.5862 1.799
-0.77695 -1.081
0.46871 1.9482
0.96476 1.9177
-2.2717 0.73777
-0.74533 -0.27525
-2.5722 -1.081
0.10456 1.2015
-0.32746 3.2224
-0.07975 -0.28977
-0.012788 -0.29307
2.2024 -0.7326
-0.92727 0.19813
-0.53671 0.43606
2.2188 0.017885
0.75078 -2.7231
1.1344 2.9964
0.46694 -1.2241
-0.72689 2.2639
-0.50866 2.8215
-1.2858 4.0287
0.35494 -0.37075
-1.2597 -0.7691
1.46 -1.7168
1.858 -3.6517
-0.77263 0.80034
-0.40939 1.0322
-0.60486 -1.4836
-2.3647 -0.45556
-0.43451 -0.28322
-1.8447 -1.8233
-0.69764 2.4436
-0.31961 2.9132
0.15659 1.6955
0.25653 1.2987
0.4055 0.46115
-0.67324 2.3399
-0.82578 1.9132
-0.82206 -1.4592
0.76176 -0.31218
-1.2546 -2.0326
0.80972 1.0044
-1.5501 -0.29398
-0.20841 -2.7894
-1.9825 -1.7718
-0.25086 -0.9454
-1.0748 0.40029
-1.3027 0.040583
0.98283 2.6866
0.03403 -0.1371
1.6619 -0.75103
2.1948 -0.53403
0.72728 -1.3125
-1.6515 -0.96936
1.1319 -2.585
0.16673 1.1666
-0.12852 2.4243
-0.78128 0.028692
0.29273 1.112
0.59984 -0.97803
2.2131 0.035589
-1.9629 0.48102
-0.28005 -0.050446
-0.40349 -0.20899
-1.4123 0.29729
-0.81849 -3.5798
0.46989 -0.79608
1.4299 -2.5239
-1.2637 -0.89118
0.88182 1.5708
0.63384 2.2502
-1.2391 -1.9649
-0.65147 2.0996
-0.76286 -1.5737
0.86534 0.5847
-0.9101 -1.8463
-0.44223 2.9368
-2.0405 2.8777
-0.038294 -0.92492
-1.4348 -1.0967
0.59159 -0.82329
-3.004 0.51566
-1.4252 -0.5547
1.6044 -1.1681
1.2453 -2.7426
1.1378 -0.62494
-0.84026 -2.6743
-0.11485 -0.74728
0.49013 -0.14724
-1.25 0.1042
0.70887 0.6881
1.4897 2.6368
-2.2062 -0.98926
1.8729 -0.51888
-1.595 -3.1525
0.29274 -3.8511
0.95549 0.78595
-4.57 1.4147
0.55095 0.70721
0.288 -0.38342
-2.8385 0.65622
1.6203 0.12966
-0.20987 2.9179
-0.26451 0.021953
-1.622 -2.773
1.8439 -2.0955
-1.1305 -0.087791
-0.21983 -0.82494
-0.14042 1.0509
-1.976 2.5693
1.1177 -0.45426
-0.46724 1.6833
-1.0931 0.84103
-0.93891 1.9382
1.5457 4.652
-0.083579 0.72243
2.4981 2.5102
0.52347 -0.2607
1.036 -4.4157
0.15911 -2.464
-0.14156 -1.6741
0.43198 2.0473
-0.61649 -1.9922
2.7482 -1.3357
3.035 -1.3974
-1.5418 -0.89081
-2.2164 0.28274
-1.2087 1.6387
0.85358 -1.7889
0.69425 2.4913
0.61864 1.4051
0.23636 -0.36933
1.055 1.2849
-1.2337 4.3584
-2.0105 -0.2042
-0.1884 0.51634
0.60461 -1.9909
-2.1959 -0.14339
1.5097 2.1541
0.69614 2.7134
0.40048 -0.069888
-1.1594 -4.149
-0.15749 -0.53208
0.50198 3.5316
-0.31803 1.6614
0.2675 0.44475
-1.2944 -1.9754
0.85564 -0.40096
-0.44804 0.26254
1.3566 -3.4494
0.087194 -0.035534
0.37434 1.3134
-1.359 -0.59817
-1.5323 0.80018
-0.94181 -1.6223
0.63107 3.4992
1.0765 -0.88228
-2.7293 1.0784
0.3231 2.2631
-1.0679 -0.93368
1.7632 1.4897
0.69508 -0.096024
-0.57364 1.5926
0.0065325 0.1602
3.2261 0.34383
-1.5681 0.53961
1.8978 -0.6955
2.7721 -2.9892
-0.88146 0.94903
1.9762 2.7023
1.2447 1.4396
-0.20805 0.44857
2.2414 -3.3776
-0.01994 0.82023
0.28351 -1.3061
1.3636 -1.9116
0.065464 0.83216
0.42621 1.6274
-0.27485 -4.4096
1.1116 -0.0015967
0.52403 1.6438
-0.54742 1.9498
-0.36001 1.476
3.3611 0.36604
-0.56699 3.0003
0.17972 -3.9432
0.50363 0.88148
-0.13818 2.7449
0.24112 -0.301
-2.542 -2.3537
-1.2807 -1.1216
0.16278 1.2435
0.25358 3.2858
2.1662 1.4559
-1.2695 -1.7464
0.57542 -0.68046
1.5034 -0.6747
0.98711 0.28603
-1.8056 -0.63773
-0.67279 -3.0091
2.1266 -0.42854
-0.14227 -1.6028
-1.3273 -1.1711
0.10098 1.3748
-0.92553 0.23044
0.85937 -0.43625
1.4573 -1.7391
-0.39435 0.6075
0.67628 -0.66669
-1.0357 -0.36052
-0.28747 -2.1054
-0.015634 0.19812
-0.70734 0.44711
-2.135 2.3659
0.46154 0.25385
-0.33931 1.6132
0.62136 1.5891
0.96667 -1.9124
-0.59444 -0.25301
-1.5916 1.4524
-0.94757 -1.6277
0.34599 -1.2003
-0.033724 1.5192
0.9674 0.61195
0.81437 -1.8091
2.3862 0.6399
-0.83685 2.7836
0.8376 -2.5481
0.78616 2.4577
0.14671 0.75646
0.63965 -3.9375
-1.6244 1.6783
-0.16548 -2.0894
3.1244 -2.2052
1.1481 -0.57866
-0.49933 -1.9809
2.2373 -2.1148
2.2463 0.20362
-0.06653 2.3937
0.080875 -0.33777
-0.87138 -1.7265
0.084947 0.71801
-0.87175 -1.3489
-1.0627 1.5885
0.57706 -1.9138
-0.69329 -0.18918
0.7299 -0.062494
1.0679 -1.101
1.0829 0.16994
-0.3964 -1.0955
0.20238 0.18548
-1.2862 -0.071457
0.48795 -0.75143
-1.3251 -0.60729
0.35029 -1.2033
0.76357 0.68159
-0.89115 -1.0019
-1.0891 0.81762
2.623 0.66375
-0.022849 0.2396
-0.53938 1.159
-1.3228 -1.4163
-1.3714 -0.091035
0.62779 -3.342
0.17853 -1.1188
-1.011 -1.812
-0.52167 -2.4911
-0.96463 1.5407
-1.3697 -0.75843
-0.68322 -1.0784
2.3344 -0.68685
1.0346 0.54744
1.3036 0.59518
0.41814 1.5448
0.47716 -0.092985
-0.96696 0.68361
-0.050762 2.3635
0.13382 -1.1762
0.89274 -1.5957
0.18635 0.77799
0.36867 2.3011
2.3889 2.382
1.6082 0.96213
-0.42799 0.83335
-0.67868 -0.29356
0.93269 3.9212
-1.5114 1.7367
0.86335 1.185
-0.57193 -2.0462
0.0028569 -1.4452
0.38005 2.0845
0.49982 -1.1645
-0.12102 -0.44173
-3.2283 1.3284
1.881 -0.37118
-0.31087 1.1586
-1.8635 -0.076618
2.3357 1.9213
2.3842 0.3378
-3.2605 1.4064
0.29359 1.4715
1.1779 0.28998
1.3495 1.3347
1.0822 -3.8471
-0.93993 -0.305
0.58534 0.60142
-1.0267 2.6153
-0.96869 1.6331
1.1877 0.49342
-3.0522 -3.0609
-2.9633 -0.53888
0.5547 -0.50321
1.6269 0.23181
-1.0647 -2.1755
0.18323 -3.5535
-1.7245 -0.62975
-0.21446 -0.60479
-1.3905 1.471
1.7044 -2.0267
2.7218 -0.62198
-1.9989 0.81301
3.0205 1.9546
1.9781 2.3286
-1.4823 0.58193
0.68503 -3.4549
-0.4594 1.2209
-0.055401 -2.2182
-0.62687 0.34586
-0.24174 -0.91578
2.867 -0.88975
1.5299 0.025661
1.1474 -0.8149
-0.40537 -0.88439
0.11009 1.772
-1.2397 -1.9003
-1.5304 -1.1051
0.029683 -0.88412
-2.8934 -1.0717
2.132 -0.07165
-1.8021 2.1967
1.478 0.1075
-0.52298 2.209
-0.99216 -1.9082
0.046491 0.12812
-1.0892 -1.6476
1.8461 0.47394
0.25304 -1.7063
0.99969 -1.8695
1.8074 1.0659
-1.7306 -0.74339
-2.436 2.2287
-3.559 -2.0711
-2.1728 -0.14905
2.9783 -1.8892
0.37189 -1.4925
0.80233 -0.015246
-2.2578 -0.66446
-1.8064 1.836
2.3275 3.1858
-1.5539 -1.3507
2.3922 -2.1818
-1.759 -0.81656
-0.71431 -1.8699
-1.2478 0.2422
-0.68679 -1.7583
-1.8077 0.10409
-0.22741 0.15884
-0.8474 -0.70147
-0.16944 -2.482
-0.56901 4.0292
0.16084 -0.61399
-0.72936 -0.039688
-0.7321 1.9381
-0.3971 1.2607
0.10176 2.1705
0.50822 1.5622
1.101 0.48881
-0.36009 -0.48596
1.0242 4.1561
-1.9194 0.49302
0.24438 -2.3559
2.0974 -0.32757
0.11013 -0.38072
1.5847 0.5341
1.6551 3.0096
-2.5437 -0.73758
1.566 1.0913
1.1651 0.31004
0.36938 5.5595
-2.158 -1.1971
-1.0917 1.5926
2.9545 -2.6187
-1.2839 -0.12511
-0.93992 1.6944
-1.7327 0.088638
-0.02992 5.0641
1.6678 -1.1671
-1.9275 0.20701
2.4385 1.2286
0.31821 2.6473
-1.6996 -0.36753
-1.1502 -1.2708
-2.4021 2.1395
-0.82866 -4.7345
0.15231 -2.304
-2.1839 2.5171
-0.38026 0.29521
-0.71347 1.3706
-0.19776 -0.0060649
0.61344 0.62846
-1.1472 1.4582
0.43072 1.7752
0.50768 -1.285
-0.13482 -1.105
-0.77407 -0.43123
1.6008 1.0585
-1.6211 -0.86768
1.9436 2.8234
-0.71126 3.8347
2.0323 1.1376
-0.67518 -1.769
2.1881 -0.44634
-1.6205 -1.3969
-2.149 -3.183
-0.88164 -1.2268
1.227 -0.70178
-0.014558 1.8337
0.0025232 0.37143
2.4425 -2.2466
-3.7201 -0.25201
0.91462 -3.4441
2.0386 -0.14354
2.0762 2.0717
2.0202 -2.2309
0.28249 -1.793
0.72063 -0.46205
1.198 1.2072
0.026691 -0.045275
2.2962 0.39876
0.79042 3.2295
-3.223 -1.0784
1.7324 -0.4867
0.44145 -1.252
2.0973 1.2231
-0.058554 -1.8528
-1.4747 -1.6388
-1.109 0.79734
0.38182 -0.77904
-1.3817 2.8428
-0.86052 -0.36868
-0.10335 -0.098871
-0.98428 0.21797
-0.35908 -0.62593
-0.31349 -0.71669
-1.1336 1.9012
1.5699 2.1215
