4.0906	4.6802
2.9101	5.6006
2.5216	4.2882
2.731	5.9383
2.4311	3.7952
4.1871	4.2078
1.1461	4.9866
6.0802	5.9735
3.0867	3.8921
4.2031	2.8375
1.2656	4.1465
5.1203	5.8183
6.8427	3.6763
3.0508	3.5656
2.4243	4.344
3.537	3.9753
3.9479	5.223
3.2077	4.3746
3.19	3.2317
2.5754	5.1651
6.0758	4.5902
3.6462	3.7184
1.9826	5.6841
5.1083	2.7842
2.1011	5.4241
5.1654	1.6268
5.2969	1.7398
2.1605	3.2437
2.7354	4.3074
3.9193	4.381
3.3365	6.951
5.1927	7.3832
4.5377	5.062
-0.32332	6.0757
2.3546	4.4184
2.4015	3.6955
4.2515	3.9402
4.1392	5.2689
2.6838	4.3321
4.3415	2.1604
3.9144	6.7973
1.7123	5.1638
2.7529	5.3577
6.6536	6.0193
2.3601	6.6523
2.2646	4.1022
4.6925	5.699
5.2326	5.4198
1.233	6.2218
2.5777	4.6821
0.27185	5.0314
4.0307	5.335
4.2485	7.054
3.3115	4.3268
3.3847	4.2897
5.6919	2.8179
2.5391	5.1266
3.0547	5.1005
5.969	3.3648
3.3937	2.0963
5.7932	6.1301
3.5959	3.3524
3.4743	6.5515
3.909	6.8512
3.463	8.1467
3.766	4.0419
1.8364	4.5829
4.5282	2.4739
4.3023	0.83609
2.9186	5.4922
3.4017	5.4757
2.3167	3.7152
0.71803	5.3868
2.92	4.5153
0.82318	4.1056
3.5688	6.6694
4.1505	6.8212
4.2589	5.6736
4.2329	5.3283
4.1092	4.6314
3.5601	6.58
3.2436	6.3432
2.084	3.8457
4.2378	3.8747
1.406	3.6453
4.7454	4.8242
1.678	5.0848
2.3061	2.5437
0.68806	4.2151
2.8953	3.9303
2.4451	5.3526
2.068	5.2043
5.518	5.9794
3.4905	4.3809
5.0855	3.0841
5.752	2.9688
3.8544	3.1523
1.3323	4.6375
3.8644	2.0012
4.0876	5.277
4.1939	6.3605
2.6427	4.9256
4.2086	5.1713
3.8283	3.4658
5.9688	3.3809
1.4872	5.8719
3.1717	4.6076
2.98	4.5542
2.0349	5.451
1.3562	2.2746
3.7469	3.6677
4.2163	1.8922
1.7898	4.4946
5.0208	5.2059
4.98	5.8371
1.4466	3.6873
3.5014	6.3909
2.1102	3.7304
4.6623	4.4848
1.8527	3.6048
4.0225	6.9021
2.2281	7.6857
3.1383	3.8354
1.529	4.4311
3.8726	3.5846
0.34348	6.4365
1.7266	4.8272
4.8778	2.8051
3.9359	1.8259
4.5473	3.4486
1.6445	2.956
3.1147	4.0065
3.9932	4.1374
2.1485	5.2241
4.5243	4.6423
6.0634	5.6801
0.70977	4.9099
5.3999	3.1466
0.64176	2.9927
2.496	1.4986
4.8318	4.587
-1.0846	7.9123
4.3556	4.7382
3.6874	4.0672
0.57571	6.4548
5.3432	3.7573
4.2739	6.7679
3.214	4.6532
0.74273	3.2876
4.8237	1.995
2.2149	5.0202
2.9713	4.0033
3.7068	5.3504
2.1932	7.424
4.5839	3.5853
3.5622	5.9875
2.5768	5.6882
3.1266	6.4203
6.8209	7.1424
3.6565	5.0779
7.1391	5.0646
3.9911	4.0361
3.1263	0.69615
2.8264	2.5943
2.7652	3.3345
4.686	5.7914
2.1283	3.3449
6.0896	2.0891
6.3866	1.895
1.4813	4.6388
1.1373	5.8565
2.7239	6.3383
3.8302	2.7344
5.1303	5.9842
4.6716	5.2196
3.6349	4.1044
5.1145	4.9048
3.6346	8.3637
1.1979	5.3895
3.4691	4.9796
3.4841	2.7138
1.0131	5.5305
5.9191	5.3126
5.209	6.1476
3.9204	4.241
0.78138	2.0299
3.1416	4.1878
5.2758	6.8535
3.7203	5.894
3.9504	4.6907
1.3816	3.7081
4.3114	3.7604
3.0933	4.9262
3.8156	1.2453
3.5845	4.4286
4.3687	5.2782
1.7851	4.7608
2.0753	5.8853
1.8948	3.787
5.4079	6.7628
4.3905	3.2899
0.84262	6.7107
4.6396	6.0075
1.9925	4.3618
5.9712	4.6898
4.2384	4.0692
3.4128	5.9754
3.5625	4.6152
7.1996	3.0846
1.9456	5.711
5.3666	3.003
5.5455	0.85317
2.8491	5.6585
6.626	5.4768
5.3783	4.921
3.4239	4.9396
4.8224	0.84042
3.7609	5.1173
3.364	3.3868
4.354	2.3796
3.8598	5.0819
4.5346	5.4836
1.6733	1.3792
4.7334	3.9234
4.6489	5.4452
3.5652	6.2262
3.6097	5.7786
7.3572	3.0311
3.906	7.0137
2.3388	1.489
4.3632	4.8916
4.2938	6.6027
3.6638	4.1525
-0.13375	4.074
1.6914	4.3329
4.1098	5.3359
4.9153	6.8002
6.4069	4.4561
1.4883	3.8647
3.9039	3.6986
4.936	3.2225
4.6944	4.2007
1.2757	4.9627
1.7149	2.6215
5.7126	3.0822
2.789	3.3876
1.6226	4.3204
4.0865	5.4651
2.5522	5.1496
4.3034	3.7324
4.5175	2.4588
3.2719	5.1537
4.0206	3.6566
2.226	4.7693
2.4544	3.0908
3.551	4.6547
2.8691	5.197
1.9466	7.3559
4.0999	4.449
3.68	5.8694
4.7381	5.3543
3.9131	2.5845
2.7529	4.6205
2.2346	6.3985
1.8865	3.7859
3.4699	3.4327
3.9868	5.6416
4.785	4.4521
3.7797	2.7397
6.3695	3.7384
3.5316	6.993
3.5505	2.1809
5.2207	5.9118
3.9239	4.9838
2.8513	1.2552
2.276	6.5827
2.5953	3.0395
6.2071	1.251
4.5747	3.4776
2.2622	3.2926
5.2536	1.7771
6.0636	3.488
4.2521	6.3058
3.4732	4.2082
1.937	3.6734
3.8421	4.9874
2.0669	3.953
2.8686	6.2255
3.4802	2.7851
2.6652	4.7189
4.2886	4.076
4.3054	3.1325
4.7607	4.0652
2.682	3.8945
3.7886	4.5325
2.0477	5.1128
3.7823	3.6914
1.8195	4.7365
3.4736	3.4282
4.5828	4.6091
2.1651	4.2199
2.5732	5.6688
6.6405	3.6335
3.5573	4.6891
3.3012	5.6368
1.543	4.1366
1.9464	5.1425
3.0436	1.702
3.3121	3.5797
1.7525	3.6824
2.0613	2.9266
2.9609	6.1394
1.7179	4.6477
2.3695	4.0556
5.8541	2.7835
4.8373	4.3696
5.1523	4.2657
4.4972	5.4267
3.9976	4.1842
2.6626	5.5064
4.2592	6.2753
3.2427	3.5603
3.9403	2.8571
3.9753	4.9793
4.7032	6.012
6.9737	5.0262
5.6171	4.3796
3.3125	5.3382
2.6454	4.634
5.8883	6.9189
2.4216	6.5675
4.8672	4.93
2.1591	3.2819
3.0045	3.4291
4.6412	5.8458
3.653	3.3796
3.2132	4.2358
0.375	7.154
5.4598	3.2517
3.5547	5.5182
1.4051	5.4079
6.7556	4.7128
6.263	3.5159
0.36613	7.2284
4.3337	5.437
4.9075	4.1049
5.4585	4.7892
3.3737	1.0931
2.3514	4.7608
4.3573	4.6421
3.2628	6.9668
2.9883	6.2099
4.9886	4.2504
-0.94415	3.8147
0.024852	5.635
3.9421	3.8405
5.3858	3.8295
1.5675	3.4413
2.4772	1.7756
1.3686	4.9266
3.0533	4.1635
2.4642	6.3082
4.6925	2.1181
6.3065	2.631
1.5618	6.1362
7.5272	4.383
6.4992	5.1993
2.0554	5.6979
3.0682	1.5888
3.4113	5.6412
2.6731	2.8872
2.9235	5.0804
2.9157	3.9474
6.3753	2.3576
5.207	3.7271
