1.3564 -11.286
-6.5717 9.7563
9.9629 0.54094
-8.4454 8.1701
0.80813 -1.2111
9.8077 2.548
-10.413 5.2544
6.847 9.1782
3.3568 2.0171
9.6662 2.146
7.292 -4.8906
-5.0844 2.5703
3.6271 -6.6861
3.0989 -0.54857
8.0874 -4.3726
-0.62284 -6.9117
3.4482 0.42056
-0.085408 4.9615
-5.6598 -2.3224
-11.809 0.88563
-6.5616 10.373
2.9603 3.3704
-3.3716 3.9824
-10.003 5.7819
0.71778 11.365
9.2064 3.8758
9.6277 -0.61844
8.0269 -3.7973
-0.6003 -7.1564
8.837 6.4151
1.4543 5.2979
-0.090498 -0.82902
-12.204 0.78497
-11.875 3.1395
1.9051 11.754
1.2408 -7.717
0.83788 -1.5806
9.1597 4.3759
3.7635 -7.0316
-0.36215 11.517
2.9549 11.269
-3.7857 -5.6172
9.3764 3.5677
6.8187 8.8843
-6.101 -0.15807
-11.812 0.74276
0.81094 5.5348
0.99198 -1.6512
6.3707 -6.0454
-4.8499 -4.3623
9.4511 -0.6879
-4.5728 4.0991
1.0828 11.568
3.2144 3.3779
-4.969 10.722
-5.6662 -3.0927
9.6493 -0.31392
-10.85 5.4775
3.6114 3.2933
2.9295 10.674
-4.7062 3.0019
-3.4611 11.293
3.7643 1.3548
-2.9914 4.5464
-0.74476 11.455
-1.7197 5.4032
2.3202 11.155
0.51726 11.548
3.9053 10.634
1.7494 -7.436
3.2185 3.7343
-3.9284 10.836
-5.0721 3.1157
3.1062 -1.1928
-1.5381 5.0217
9.7446 4.236
5.8495 -6.7372
10.282 0.25769
-3.2785 11.121
0.1499 11.899
2.7984 4.48
-5.7897 0.023977
-4.9028 2.9599
-4.9328 -3.9281
9.6262 4.4794
10.121 3.8747
4.1132 0.61309
3.8621 0.60416
1.4889 -7.5113
-3.1562 4.0674
3.3993 -6.6606
4.4691 10.858
-2.9848 11.007
2.6266 4.1491
8.9343 5.8078
2.5697 -0.66363
3.6809 -0.051291
0.86999 11.437
8.937 -2.6507
-3.6795 3.7606
1.5801 -1.746
-10.524 6.4335
-5.7346 1.75
0.87005 -1.6252
3.9815 1.095
3.0945 11.041
0.36552 -0.88671
-6.3291 -0.96956
7.4735 -4.8411
-5.0415 -4.203
8.8939 7.0496
9.8134 -0.53779
2.9418 0.039683
9.9272 2.6616
3.515 0.20581
-5.6365 10.451
-4.8887 3.4118
-3.0863 -6.3093
-5.6298 0.63733
-1.4911 5.4172
0.93989 5.3582
0.50735 -0.80232
-5.305 1.1231
10.235 -0.37583
-5.3009 -3.2839
7.9881 -3.729
3.6456 1.5466
-1.8113 11.449
-6.1565 0.59104
-6.7264 9.239
5.7524 9.371
-5.1341 10.427
-12.047 2.8737
10.058 0.22082
-0.17285 -1.1128
1.3377 -1.4615
2.1379 -7.246
1.8274 4.2297
-5.1868 -3.5178
-7.0389 9.8246
3.9896 0.40052
-5.3486 0.88453
9.3728 -2.4512
-9.1636 7.8641
0.73798 5.1455
-5.3522 2.1404
-9.2933 7.0429
-1.5359 5.145
2.9836 0.41965
2.2065 4.3114
-11.048 3.0303
-2.873 11.335
4.0438 1.7193
3.3555 3.3862
2.9849 -0.46243
3.0499 -7.1692
9.604 0.75108
1.4397 11.09
-0.89187 5.4463
-0.29977 -0.85075
-4.5902 3.2043
3.5331 10.876
-5.3055 10.291
-5.6353 -1.7937
-4.8669 -4.4575
0.25243 5.5458
-6.3134 9.9777
2.6981 3.9304
-3.5333 4.0709
-11.102 4.7372
1.1745 11.022
3.3206 2.6251
2.0452 -0.91911
-1.7575 5.0821
-10.258 5.6376
3.2329 -0.91612
3.2803 1.2269
-2.8079 11.573
-5.124 11.065
-3.9334 3.9688
-0.058182 -1.3128
-7.0938 10.033
6.6144 -5.4896
0.97233 -7.8465
-9.6783 6.4793
2.2051 4.1253
3.4857 -0.94993
2.3933 -1.1628
-0.86597 -6.7555
2.5071 -1.1313
2.5388 -0.3471
-5.1834 2.4384
-4.904 2.557
-4.8768 2.7919
-4.3052 3.9862
9.7916 1.1334
4.1048 1.285
2.5044 11.191
3.3014 0.33977
-4.3763 -4.6767
1.1989 -1.1377
-1.2233 11.1
-4.5128 4.019
-11.238 2.7171
1.5021 -7.5884
-5.5314 1.488
-3.0577 -5.4722
-2.6474 -6.3396
0.70649 -0.70866
8.136 6.2464
0.98343 -0.90137
2.4062 4.1686
3.7988 0.63718
9.7745 0.61738
3.692 2.2957
0.75472 -1.6621
-5.5616 0.24068
-0.3101 5.1362
1.4019 10.954
9.1702 4.6392
2.5235 -7.8812
-6.1967 0.11092
-9.7111 7.0065
1.4215 5.3936
9.7473 -0.76343
3.9658 1.8877
1.0711 -7.7255
3.7716 0.46034
-4.7397 -4.1137
0.58391 -1.3759
-6.0301 -2.1269
9.4623 -0.39083
8.3712 -3.616
9.7845 -1.7866
9.4413 -0.1915
-2.2335 -6.7185
-2.8528 -6.4084
-3.3641 -5.3744
1.3559 -0.83073
-2.7166 -6.7367
-11.923 2.085
-5.7166 10.018
1.5242 -7.7614
0.62969 11.164
-5.3613 2.3876
-1.2641 -7.003
1.7298 4.964
1.2168 -1.4906
8.1436 6.7201
-3.8325 10.874
-9.8653 6.1737
-5.89 -2.9425
3.599 1.3459
4.9854 9.7516
0.52436 5.4788
-3.4087 -6.3282
9.4103 5.5806
6.1341 -5.8813
9.5833 2.0482
-2.146 -6.1297
-3.1781 4.9978
-5.5805 0.021088
2.9504 3.513
0.29611 4.7962
1.0766 4.7123
0.68535 11.363
3.3475 2.3185
9.1707 -3.0263
8.0949 -3.251
-3.277 11.167
-4.9236 3.5179
-5.469 -3.6434
-4.1325 -4.9748
2.8136 -0.67807
-0.080641 -0.9492
9.553 4.0658
2.1924 4.9219
5.3025 -6.4207
2.5316 -0.53906
-5.8324 0.11676
1.1907 -1.0896
0.44633 -0.75162
2.096 4.3953
-6.3239 -0.62091
2.4912 -0.57353
1.7746 -1.663
2.5834 -0.62232
9.4639 3.992
6.6111 -5.6718
4.0144 -7.0395
-4.4336 3.6441
5.5349 -6.0005
-6.1636 0.2391
-3.7368 4.1568
6.9531 9.2989
-7.551 9.2229
3.4846 2.6142
-10.199 6.0925
1.0854 -1.2642
3.4035 -0.48643
6.4712 -5.4522
2.5137 -1.4379
10.284 2.1842
9.145 -2.6414
3.4558 -0.27894
4.1076 1.3413
-1.7072 -7.1667
7.8461 -4.4795
2.6524 -6.7906
7.8442 8.1947
-0.20822 5.632
8.54 -2.9906
-8.9791 8.2338
9.6693 -2.1108
6.3108 -6.1982
-0.136 -0.91523
-5.8797 -0.43202
0.30311 -0.77998
-4.9121 10.19
1.4887 -1.0067
0.32931 5.1104
-3.1706 -5.6491
3.9554 2.7026
-11.763 3.6693
-3.8225 -4.527
-11.186 3.6955
-1.1137 -7.2699
0.48015 5.1484
2.5997 -7.1094
-7.5467 8.9255
0.00050726 5.6746
2.9146 3.4873
-5.9745 -1.3349
0.3547 5.4462
-1.1861 -6.622
-5.2733 2.833
3.3719 1.3288
6.2454 8.6942
-0.027979 -6.9404
-2.3901 10.879
-11.776 1.7726
3.8925 2.1563
0.98389 11.839
3.0917 3.6033
0.85243 -1.1327
6.3502 -5.5982
-5.7181 -2.0906
2.8031 -0.48221
-0.31488 5.0249
-4.1336 -4.0327
7.802 -4.7108
0.9374 -1.3526
2.2754 -0.82525
2.7977 -1.098
-5.9171 -0.62954
-3.3685 11.416
-7.6011 9.0031
-2.1803 4.5375
-4.9264 2.5821
2.9848 -0.75473
9.7883 4.43
10.231 2.9157
-3.9874 3.6357
3.8701 0.79839
-6.1438 1.3972
-9.6948 5.9817
-4.0964 3.5978
-3.8302 -5.4979
-1.8836 5.1526
4.6173 10.249
9.7502 2.2214
-2.0274 -7.1331
-4.6857 -3.7116
9.611 4.1652
-10.204 6.1793
3.6763 0.32572
-0.06946 5.5537
6.7313 8.6283
-11.862 2.0821
-2.0671 10.937
-4.7079 -4.5743
0.3823 -0.96015
-4.0301 4.4987
-0.39869 4.8379
0.77184 -1.5905
5.2865 -6.3173
-5.9639 -1.3497
2.6412 4.1187
3.8431 2.1253
-5.4702 -0.52748
2.3476 -0.76659
0.22967 -7.5476
-5.1741 1.5368
0.87592 -1.0913
2.8153 4.1424
6.6812 -4.8274
0.34606 -1.4222
-5.7819 -0.10351
2.9252 2.9691
5.3293 10.457
9.1718 6.4109
0.16538 5.2159
3.313 -0.36415
-5.0307 3.5801
-5.3466 0.75667
-5.2347 -2.8003
-10.363 5.5722
-4.4075 -4.5504
-12.053 1.9993
6.3457 9.1813
10.297 0.054802
1.4777 4.5561
-0.99329 4.8778
5.7669 9.1148
8.4908 5.8945
0.58814 -1.4724
0.85412 -0.92107
10.221 1.7368
0.87217 -1.6324
-6.2918 -0.1638
-4.9196 3.8069
2.7939 -1.3073
3.7763 3.0113
-0.53077 5.8027
-3.6612 4.5412
3.17 3.7948
0.3447 -1.4946
-6.0238 0.63679
2.9924 -0.36474
8.019 8.0837
-3.2863 11.498
4.3328 10.203
0.53126 -0.80947
6.3175 8.9429
2.3745 -0.99181
7.8905 -4.2877
4.4075 10.508
-11.183 2.968
4.2373 1.8613
7.9285 7.6142
-3.3678 -5.9492
3.964 3.2842
4.4065 9.8995
5.8419 -6.3999
-5.2959 3.1914
-5.7655 -2.5153
-5.3684 -3.5337
0.40125 4.8261
9.7906 3.3959
3.9827 0.40526
-5.5407 -0.91622
-4.4015 -5.1145
3.3695 1.498
-1.6011 -6.9261
0.17599 5.0192
3.7044 0.38459
4.0852 -6.5535
-2.0503 11.523
-10.066 5.7355
-3.0002 11.385
0.98181 -1.5496
-5.2979 0.18084
-4.446 -3.7594
-0.25646 -7.0957
-5.6205 -2.4383
-0.47512 -7.1622
3.2136 -7.1432
6.6104 -5.4548
-4.9694 3.6576
-0.31411 -6.7555
6.3197 -6.0687
-1.7112 4.7771
10.2 3.0031
5.9587 9.585
-5.3322 -0.20641
5.6331 -6.0611
7.6401 8.4137
5.7436 -5.8765
-4.8193 3.4279
-3.7195 4.4548
4.6898 9.9522
-3.5583 3.9732
-0.63783 5.1827
-1.4918 5.6483
3.7612 10.748
8.827 -3.2817
0.42418 -1.0323
-3.0753 -5.9202
3.3413 1.8492
3.7492 1.5041
9.571 1.1512
0.68049 -0.95802
-9.1825 7.7923
-12.394 0.3917
-4.8175 2.7013
-5.05 1.1096
8.8431 6.7202
3.4739 10.403
2.268 4.892
-4.3924 -3.7919
3.3409 2.4681
-3.784 4.0315
5.8692 9.2263
2.8625 -0.40357
1.7885 4.3713
8.8629 -3.9395
-5.152 2.9671
-2.7417 -6.3723
3.378 -0.23177
2.878 11.29
-1.928 -6.2304
-4.4944 -4.6061
1.3119 -1.0249
6.3493 8.8039
3.5362 10.802
-4.7895 3.0094
9.9198 0.87925
-5.4721 0.52351
2.332 4.3285
1.8946 -0.93798
8.7665 6.7499
9.4999 5.1999
-5.5731 -0.61269
-11.412 3.241
3.4763 3.3973
-8.3681 8.9257
9.5724 3.937
-0.48787 -6.9823
-2.6439 5.2374
-10.966 4.6062
0.77592 -0.80486
3.3779 2.23
0.97814 -0.80866
2.3026 -1.0276
-5.6998 -0.33833
2.2618 4.8431
-3.8873 -5.4647
-9.5045 7.9625
3.6183 0.81083
-12.16 2.4045
-5.4327 1.1273
1.6938 4.858
0.87319 -1.5201
-4.7969 2.9373
8.9568 -2.4114
1.4176 -1.2896
3.8001 2.4784
-4.1053 4.6233
3.937 1.3049
2.3267 3.816
3.2333 -0.32997
-5.7092 0.40345
0.13212 -1.1115
-4.422 11.043
8.9285 5.656
4.2574 0.92035
1.1771 -1.7083
1.5213 11.427
0.7758 -0.76297
0.067101 -0.74939
0.51622 -1.6359
0.0061799 11.043
-6.9749 9.3438
-11.139 4.7054
-0.19734 -0.75819
-8.733 7.9743
3.2142 0.36453
3.8197 1.1501
3.467 0.55143
2.6705 -0.6358
-9.9904 6.8463
1.9338 5.0793
2.6339 -1.2228
9.7458 -0.21516
-7.6477 9.3335
2.1508 -7.5299
-5.728 1.6862
-3.6637 3.8804
-6.1416 10.129
3.4755 2.9362
5.7582 9.5175
5.3181 -6.7207
-5.747 -0.11381
5.8121 9.1807
9.9098 2.6752
-2.849 4.8507
-3.4946 5.0284
8.9561 -3.6188
1.7232 11.589
9.0054 -1.7523
-0.28575 5.5592
-6.1125 0.61053
1.0836 -1.7476
0.93455 -0.80926
1.27 -1.1857
1.9695 -1.4843
-3.55 3.744
2.3842 -0.46001
4.5806 -6.762
-5.6802 1.802
3.4565 2.1924
0.86298 -0.80381
5.4326 9.8503
-1.7813 -7.0775
6.4362 -6.1607
-1.214 5.1759
-4.3811 -4.3667
4.6706 -6.466
9.7879 2.3891
-0.44532 5.2825
2.9905 -0.86683
9.6431 0.66543
4.2156 2.2501
-1.7672 -7.352
-0.99674 -7.0559
-8.6823 7.949
3.5137 -0.046751
7.075 -5.2071
-3.6653 -5.7629
9.2013 -1.1178
6.5317 -5.7729
-3.2331 -5.3137
-4.2038 -4.0139
6.8447 9.1564
3.1978 3.4909
-3.2059 4.476
-9.8313 6.8779
6.0473 -5.8584
-1.5129 -7.0484
0.74136 11.546
10.139 2.9672
0.15661 -7.0423
7.8124 7.5529
6.9847 8.8587
2.146 -1.147
0.74488 5.3155
2.6138 -1.3241
9.9327 1.0972
3.0482 2.7159
-11.848 3.3348
-0.31545 11.897
-7.0863 10.468
11.371 0.51905
-8.9937 8.9866
0.70295 -2.4416
-0.98765 -1.0591
10.997 2.5622
-11.782 5.0222
7.524 9.1727
4.2564 2.4146
10.805 2.7355
8.19 -4.8926
-6.4992 2.6903
3.8473 -8.1376
3.1295 -1.6283
8.8568 -5.6181
-1.3068 -7.7557
4.4592 0.55119
-0.20603 6.4594
-6.3776 -3.013
-12.504 1.2179
-6.9008 10.625
3.596 4.1105
-4.3777 5.2496
-11.534 6.6277
0.64337 12.964
10.749 4.6582
10.917 -0.54823
8.9029 -4.5207
-1.1783 -7.6134
8.9089 7.4359
1.6342 5.4984
0.11532 -1.2702
-13.2 0.7375
-12.929 2.8787
1.6074 12.695
1.5716 -8.3911
1.6659 -2.234
10.251 4.0112
4.184 -7.7365
0.53635 12.831
3.2137 11.585
-4.1698 -6.0441
10.608 3.4843
7.233 9.8617
-6.3676 -0.43532
-12.744 1.161
0.624 5.6969
1.0231 -2.631
7.1597 -6.2642
-5.6044 -5.4092
10.656 -1.2479
-4.6782 4.7287
0.91147 12.632
3.7047 4.2244
-5.5812 11.723
-6.4623 -3.8782
10.917 -0.7715
-11.51 6.4023
4.2421 4.1838
2.9633 11.632
-5.7197 3.6339
-4.1399 12.387
4.2705 1.5935
-3.7867 4.7401
-0.3869 12.394
-2.0126 6.5485
3.4051 12.456
0.0051406 12.178
4.7413 11.203
2.1009 -8.4235
3.9972 5.0208
-3.9229 11.579
-5.057 4.154
3.2864 -1.3651
-1.5551 5.6683
10.469 4.4392
5.7663 -7.5421
10.848 1.0956
-3.0541 12.015
-0.091283 12.159
3.61 4.7356
-6.3721 0.2475
-5.4678 4.392
-5.3955 -4.8083
10.734 4.0819
10.86 3.6516
4.5069 1.1323
4.8206 0.30187
2.1923 -7.9691
-4.2236 5.5092
4.1299 -7.8234
4.8693 11.831
-2.9902 11.826
3.158 4.2246
9.6008 6.3749
2.6318 -1.4409
4.0983 -0.59685
0.63832 12.077
10.245 -3.2523
-4.1734 4.4188
1.9948 -1.9003
-10.949 6.729
-6.4703 1.5796
1.3029 -2.5928
-0.71717 -0.84477
4.8586 0.91859
2.8681 11.841
1.2015 -2.0333
-6.6468 -1.1892
8.0064 -5.6208
-5.1684 -5.0547
9.5744 7.1135
10.499 0.033065
3.6264 -1.0079
-0.5708 -1.2351
11.207 2.3112
4.7429 0.30697
-5.9833 11.108
-5.3737 4.1106
-3.0836 -7.4587
-6.877 0.71019
-1.427 6.1524
0.67886 6.6086
0.61438 -2.0166
-6.6715 1.2027
-0.50993 -1.3937
11.239 0.13405
-5.8212 -3.7982
9.4479 -4.8464
4.3756 2.8414
-1.0195 12.757
-6.7435 1.1936
-7.2523 10.406
5.8201 10.186
-6.0541 11.087
-13.132 2.6822
10.777 -0.46765
0.16299 -1.6173
1.4482 -2.2952
1.9936 -8.1593
2.5914 5.0866
-5.8425 -3.8608
-6.7744 10.317
4.285 -0.094616
-6.7248 1.4625
10.248 -3.1158
-9.4342 8.7684
-0.33247 -1.444
0.87897 6.1175
-5.7833 2.4926
-10.243 8.1218
-1.6908 5.9364
-1.038 -0.8082
4.0535 -0.30319
2.9762 4.9869
-12.797 3.2288
-3.7075 11.934
5.0502 2.0869
3.4289 3.6877
4.1138 -0.69871
2.9542 -8.7421
10.539 1.179
0.83307 12.233
-1.1918 6.5988
-0.055358 -1.7119
-5.3415 4.0925
4.1323 11.324
-6.1917 11.098
-6.7489 -2.2217
-5.2182 -4.6075
0.29761 6.3469
-6.4513 10.983
3.6856 4.5457
-4.3094 4.5871
-12.127 5.8188
1.5565 12.328
3.9877 3.1455
3.3472 -1.5819
-0.41658 -1.7225
-1.3235 5.9009
-11.502 6.4308
4.1659 -1.2169
4.5258 1.417
-3.2855 12.099
-5.4039 11.423
-4.8492 4.3484
-0.070588 -1.6482
-7.7572 10.289
8.2117 -5.7781
0.91256 -8.5294
-10.356 7.3155
2.4625 5.1908
4.2056 -0.53996
3.0973 -2.1064
-0.74727 -7.7487
3.3139 -0.78192
3.5723 -1.2522
-5.5293 2.9746
-5.8279 2.9445
-5.2598 3.4589
-4.6201 4.4886
10.625 1.1845
5.2128 2.0221
2.413 12.15
4.7874 0.51559
-5.4865 -5.0106
1.1493 -2.5356
-1.7053 12.46
-5.0652 4.028
-12.36 3.0499
1.6073 -8.7529
-6.5249 2.3239
-3.512 -6.2866
-2.5998 -6.9759
0.68312 -2.4108
9.26 7.2123
1.9121 -2.6852
2.1017 5.0722
4.6975 -0.22146
10.887 0.058128
4.8362 2.6005
0.97684 -1.8633
-7.1321 -0.58508
-0.194 6.0429
1.5288 12.365
10.143 4.5926
1.9756 -8.1585
-6.8789 -0.55437
-10.114 8.342
1.7804 6.184
10.528 -0.35725
4.625 1.4082
0.27121 -8.8447
4.7551 -0.27429
-5.9445 -3.7972
1.1738 -2.1675
-6.6175 -2.8301
10.58 -0.70948
9.6849 -3.3877
10.546 -2.0423
11.265 -0.87668
-2.6802 -6.9028
-2.5546 -6.684
-3.7449 -6.2238
2.1284 -2.203
-3.0162 -6.8977
-12.532 1.4396
-6.1436 10.805
1.4899 -7.9814
0.30749 12.116
-5.9067 2.6611
-2.2397 -8.1113
1.4346 6.0433
2.0753 -1.7936
8.9106 7.2218
-3.8999 11.679
-0.83864 -0.9773
-11.008 6.8715
-6.4908 -3.1073
4.7895 0.6958
5.3811 11.562
0.34377 5.742
-3.3452 -6.5415
9.6425 6.4546
6.2807 -7.2191
10.794 2.096
-2.0418 -7.7026
-3.2871 5.764
-6.7738 0.091944
3.3173 4.3575
0.4224 5.9175
1.9665 5.4191
0.71998 12.047
4.5029 2.7267
9.7786 -3.1041
9.561 -4.5946
-4.0671 11.53
-4.9466 4.3028
-5.6848 -4.2491
-4.9345 -5.7521
2.7658 -1.3131
0.33685 -1.7056
10.678 5.1617
2.0534 5.2437
5.2403 -7.6554
3.6718 -1.5414
-6.5287 0.33391
1.7317 -2.2688
0.56636 -2.4487
2.588 5.4168
-7.2834 -0.83731
3.7646 -1.7119
2.4449 -2.4567
3.559 -1.2381
10.371 4.931
6.9664 -6.1224
4.3806 -8.4031
-5.2076 4.1019
6.3544 -6.5308
-6.3837 -0.088632
-4.8071 4.7016
7.0946 9.6301
-7.89 9.8571
4.5644 2.6892
-11.29 5.6639
0.39616 -1.7714
4.515 -0.55659
7.3464 -6.1
3.0801 -2.0453
10.889 2.4223
10.061 -3.6606
3.9079 -0.071673
4.5977 1.4712
-1.6248 -7.2284
8.6215 -4.9693
2.8591 -8.6651
-0.52436 -1.415
-0.81855 -0.89811
8.4016 8.5212
-0.012626 5.7936
9.8764 -2.8192
-10.011 8.6479
10.567 -1.7991
6.3768 -7.43
-0.047412 -1.5157
-7.1268 -0.46189
-0.11982 -1.7397
-5.7313 11.02
1.9003 -2.0313
0.17345 6.4202
-3.3985 -6.7125
4.0984 2.5578
-12.233 3.5955
-5.1496 -5.3685
-12.794 3.657
-1.2897 -8.4994
0.50273 6.7554
3.5658 -8.3886
-8.3374 9.7771
-0.16442 6.7301
3.473 5.1468
-6.9021 -2.029
0.16997 6.5562
-0.59481 -7.8005
-6.0743 3.4159
4.6477 2.0307
7.0032 9.7819
-0.18889 -8.5388
-3.564 11.755
-12.598 1.3569
4.7552 2.3564
0.93169 12.095
3.9627 4.7817
0.056992 -1.941
7.3528 -6.2776
-6.6814 -2.025
3.8911 -1.4174
-0.62878 6.1879
-4.9765 -5.1071
8.3812 -5.6531
0.67309 -2.0256
3.2556 -1.3156
3.9942 -1.0553
-7.0525 -0.94906
-3.2077 12.205
-8.4857 9.2226
-0.95604 -0.74474
-3.4305 5.5581
-5.8601 2.885
4.32 -0.20367
10.49 5.3633
10.681 2.3232
-5.429 4.3817
4.685 1.2651
-6.5977 1.3183
-10.908 6.2156
-5.4629 4.5139
-4.3804 -6.2631
-2.1765 5.7793
5.8025 11.206
10.583 3.0375
-1.4833 -7.4722
-5.453 -4.2607
11.107 4.1268
-1.0826 -0.97863
-11.493 6.6404
4.2286 0.50961
-0.37209 6.4345
7.3023 9.5133
-13.043 1.597
-3.1541 12.762
-4.5597 -5.569
0.40894 -2.0147
-4.9024 4.2629
0.23161 5.8527
2.0043 -2.1433
6.5421 -6.7873
-6.5656 -1.1082
3.2775 5.4281
4.555 2.7314
-7.0593 -1.5492
3.7848 -1.7821
0.80209 -8.2023
-6.2716 1.9062
1.2029 -2.0905
2.7785 5.1028
7.2428 -5.6048
1.4414 -2.6469
-7.0829 -0.45841
3.5093 4.1397
5.6114 11.312
10.022 7.0732
-0.55454 5.901
-0.66778 -1.3477
4.0474 -0.079064
-5.6138 3.613
-7.0878 0.20961
-6.2661 -2.7973
-11.192 6.3108
-4.8517 -5.7389
-13.217 2.8132
7.1851 10.331
10.869 -0.17618
1.895 6.1147
-1.018 6.0611
7.2739 10.139
9.9483 6.7276
0.0067281 -2.21
1.1961 -2.5229
11.104 2.7302
0.67706 -2.1877
-6.7397 -0.27229
-5.5806 3.3967
3.9655 -1.5103
3.9767 3.8953
-0.76186 6.1109
-3.8962 5.3293
3.3614 3.9868
1.0489 -2.4546
-6.615 1.1622
4.9662 -0.083989
8.6767 8.5025
-3.8559 11.673
4.4129 11.672
0.56413 -2.4267
7.4588 9.4073
2.929 -2.263
8.7874 -4.7698
5.3808 11.105
-12.228 3.6133
5.1856 1.3528
8.3758 8.5078
-3.8138 -6.1155
4.0679 3.1926
5.4836 10.546
6.8466 -6.414
-5.7433 3.6094
-6.4229 -2.9664
-6.1654 -3.8288
0.31155 6.4843
10.165 4.3168
4.5113 0.70928
-7.0371 -1.3998
-5.227 -4.9774
4.8724 1.7981
-1.6169 -7.6857
1.0548 5.9993
4.0197 -0.30777
4.677 -7.787
-2.0073 12.435
-10.814 6.4515
-2.7735 12.209
2.2965 -2.2822
-6.893 0.91244
-6.0756 -4.1988
-0.73271 -8.5948
-6.6961 -2.4324
0.31966 -8.4003
3.5347 -8.2693
7.5506 -5.5371
-5.3398 3.4516
-0.67977 -7.7858
7.6642 -6.7598
-2.0692 5.5782
10.593 2.6036
6.6468 9.7721
-6.4647 -0.22058
6.6853 -6.5439
7.484 8.8022
5.8718 -7.0748
-5.3585 4.1495
-4.7562 4.7158
4.2948 11.17
-5.0677 4.3532
-1.2831 6.7556
-2.1144 5.6573
3.9445 11.285
9.8448 -4.3292
1.0496 -2.5137
-3.6024 -7.2204
4.9413 2.5458
5.0039 2.5324
10.867 1.7599
-0.61728 -0.78019
1.5516 -2.5273
-10.095 8.5885
-13.524 0.6978
-6.0839 3.7231
-6.4424 1.4196
9.6271 6.7834
3.5243 11.583
2.3319 5.4411
-5.3078 -5.2092
4.6268 2.6843
-4.473 5.3891
5.9404 10.472
-0.47774 -0.72028
4.3278 -1.4112
2.0118 5.3147
9.7258 -4.3257
-6.2489 3.0349
-2.9562 -6.6874
3.6067 -0.65197
3.499 12.296
-2.0612 -7.6486
-5.6744 -5.4514
1.2745 -2.0205
7.4086 9.9706
3.7692 11.95
-5.573 2.6187
11.367 1.2262
-6.6556 0.42665
-1.2049 -0.83396
2.9146 5.372
2.2932 -2.0954
9.0958 7.8167
10.308 6.1084
-6.4609 -0.30072
-12.668 3.5173
3.3244 4.5235
-8.1956 9.3931
10.06 4.3154
0.22143 -7.7753
-2.6844 5.5916
-12.189 4.5082
0.31038 -2.2085
5.0149 2.5595
0.96843 -1.8273
3.047 -1.1873
-7.1795 -1.0944
2.114 5.4341
-4.9729 -6.1375
-9.3976 8.7105
4.4579 0.24178
-12.327 2.6919
-6.5057 0.80207
1.1249 5.5429
0.88098 -2.2263
-5.3003 3.1613
10.604 -2.7609
1.8349 -2.5321
4.6009 2.6196
-4.0439 4.8156
4.4957 2.0418
3.3246 5.0403
3.5946 -1.0594
-6.7023 -0.40605
0.3348 -1.5205
-3.9522 11.939
10.257 6.1233
4.9755 1.9916
1.9746 -2.5786
1.7733 12.005
0.27068 -1.8134
-0.67917 -1.6211
1.7117 -2.2586
-0.17823 12.923
-8.3888 10.004
-11.402 5.249
-0.13388 -1.681
-9.203 9.5342
4.7632 -0.18078
4.61 1.2463
4.9153 0.023778
3.4769 -1.8395
-10.355 6.8882
2.7276 6.0834
3.2867 -1.9173
10.537 -0.88408
-8.4416 9.7758
1.6544 -8.5046
-6.0168 1.808
-4.6729 4.9411
-0.52097 -1.0967
-6.9618 10.394
4.0845 3.7165
6.9514 9.6656
5.8192 -7.0732
-6.7021 -0.8473
6.4588 9.8839
0.82179 -1.6275
11.318 1.978
-3.7997 5.3298
-3.661 4.8863
9.6486 -3.9149
2.2439 12.279
10.166 -1.7223
-0.29571 6.7688
-6.5528 0.065557
1.1679 -2.5623
0.89102 -1.7877
2.2323 -2.3042
1.8919 -2.1958
-4.4783 4.2621
3.1083 -1.394
4.4504 -7.7834
-6.1978 1.1634
4.0366 3.0559
1.3074 -2.0185
6.0857 10.114
-1.6171 -8.1883
7.0907 -6.5679
-1.0129 5.9077
-5.3287 -5.1439
5.2372 -7.54
11.306 1.9304
-0.68748 6.3984
3.125 -1.6428
11.018 0.63472
4.2408 2.8117
-1.9698 -7.405
0.42883 -2.2164
-0.97097 -8.5295
-0.59192 -1.6088
-9.9974 8.8091
4.6456 0.10957
7.9293 -5.0769
-4.3373 -6.1919
10.774 -0.96996
7.435 -6.1324
-4.2352 -6.0006
-5.8327 -5.2854
7.3691 9.4599
3.9896 3.9645
-3.4185 4.9589
-11.024 7.2442
6.9757 -6.9047
-1.2611 -8.2375
0.6006 12.38
-0.2762 -0.78034
10.569 2.8691
0.28524 -8.4941
-0.84951 -1.7065
8.4619 7.8836
7.9544 9.5103
2.92 -1.1238
0.93709 5.9151
-0.58832 -1.2475
3.2113 -1.7945
11.054 1.3071
4.1932 3.3563
-12.402 2.7577

